4
6
9
15
22
26
31
33
35
36
41
64
71
134
149
158
168
172
186
211
231
234
239
268
274
277
284
322
331
332
335
376
385
396
403
413
440
487
491
523
530
534
543
550
561
563
564
567
570
575
579
581
611
618
619
639
640
654
667
673
698
703
735
736
745
770
808
828
835
838
855
861
866
891
908
912
916
930
934
935
938
948
970
985
1007
1051
1078
1092
1128
1133
1196
1273
1284
1303
1305
1356
1374
1425
1463
1473
1477
1480
1521
1567
1572
1588
1613
1626
1636
1665
1681
1748
1750
1782
1832
1837
1838
1854
1858
1862
1873
1875
1876
1877
1885
1902
1907
1936
1973
1979
1997
2014
2046
2086
2089
2136
2184
2185
2188
2243
2262
2263
2264
2278
2298
2304
2308
2313
2349
2370
2371
2417
2419
2430
2480
2496
2516
2522
2530
2531
2563
2588
2598
2620
2622
2624
2634
2635
2656
2660
2697
2771
2817
2823
2830
2842
2861
2899
2901
2902
2931
2932
2941
2942
2955
2958
3030
3043
3051
3068
3132
3148
3154
3166
3168
3201
3206
3213
3219
